RhapsodyGit/includes/vcgraster30m.txt
ncols         84
nrows         84
xllcorner     479351,6998
yllcorner     1807813,219
cellsize      30
NODATA_value  -9999
[rows 0 to 45 of 84, columns 0 to 83 of 84]
34 34 34 1139 40 40 40 40 41 41 41 41 42 42 42 42 42 42 42 42 42 44 44 45 45 45 45 50 82 82 82 82 82 82 81 81 81 81 81 81 81 81 83 83 84 84 84 87 87 87 88 88 88 89 89 91 1181 1182 1182 93 93 97 97 97 99 99 -9999 225 225 1144 1144 1144 226 226 226 -9999 146 146 228 228 229 229 229 229
38 38 38 38 40 40 40 40 40 41 41 41 42 42 42 42 42 42 42 42 42 45 45 45 45 45 50 50 82 82 82 82 82 82 81 81 81 81 81 81 81 81 83 83 83 86 86 86 85 85 88 88 88 88 91 91 1180 1182 1182 93 93 97 97 97 99 98 98 225 1144 1144 1144 226 226 226 226 232 232 146 228 228 229 229 229 229
35 38 38 38 38 38 40 40 37 37 41 41 41 42 42 42 42 42 42 42 45 45 45 45 45 50 52 52 49 82 82 82 82 82 81 81 81 81 81 81 81 81 83 83 83 86 86 86 85 85 88 88 88 88 91 91 94 94 94 94 94 94 94 94 99 98 98 98 652 1144 226 226 226 232 232 232 232 230 228 228 229 229 229 229
35 35 38 38 38 38 38 40 40 40 41 41 41 42 42 42 42 42 42 199 663 45 51 51 51 51 51 52 49 72 66 66 66 66 66 1145 671 81 81 81 81 81 81 83 83 86 86 86 85 85 88 88 88 88 91 91 94 94 94 94 94 94 94 94 99 99 98 98 98 226 226 226 145 232 232 232 230 230 230 228 229 229 229 229
-9999 35 36 36 38 38 38 38 40 40 43 41 41 42 42 42 42 42 199 199 199 199 51 51 51 51 51 51 52 72 72 66 66 66 1145 1145 1145 74 81 81 81 74 74 1209 1209 1209 86 86 85 85 88 88 88 88 91 678 94 94 94 94 94 94 94 1185 103 103 166 107 107 107 226 145 145 145 232 230 230 230 230 230 229 229 229 229
31 31 36 36 36 38 38 39 39 43 43 43 43 42 42 42 42 199 199 199 199 199 199 51 51 51 51 56 56 72 72 72 66 1145 1145 1145 74 74 74 74 74 1212 1215 1215 1215 1215 1209 86 85 88 88 88 88 88 91 94 94 94 94 94 94 94 94 1185 103 103 166 107 107 107 107 143 145 145 145 230 230 230 230 141 141 141 178 229
31 31 31 36 36 36 36 39 39 39 43 1153 1153 43 42 42 199 199 199 199 199 199 199 51 51 51 56 56 56 56 56 72 72 1145 1145 74 74 74 74 74 74 74 74 1215 1215 1213 77 1213 1209 88 88 88 88 88 91 1303 94 94 94 94 94 94 1184 1185 103 103 107 107 107 107 107 107 107 145 136 230 230 230 138 141 141 141 140 140
31 31 31 31 36 36 36 39 39 39 39 43 43 43 43 43 199 199 199 199 199 199 199 51 51 56 56 54 54 54 56 56 72 72 74 74 74 74 74 74 74 74 76 76 76 77 77 78 1215 79 88 88 88 91 91 1301 94 94 1184 1184 1184 1185 1185 1185 103 103 107 107 107 107 107 107 109 136 136 136 136 138 138 138 141 141 140 140
33 31 31 32 32 36 36 36 39 39 39 43 43 43 43 43 200 199 199 199 199 199 51 51 51 56 56 56 54 54 54 56 673 71 74 74 74 74 74 74 1216 76 76 76 77 77 78 78 78 677 677 677 258 91 91 257 257 1184 1185 1185 1185 1185 1185 1302 959 959 107 107 107 107 107 107 107 109 136 136 136 136 138 139 139 139 140 1179
33 657 32 32 32 36 36 36 39 39 39 27 43 43 43 43 200 200 200 201 201 201 51 51 51 56 56 54 54 54 55 63 63 63 68 74 74 74 74 74 1218 1216 76 77 77 78 78 78 677 262 262 259 259 258 257 257 257 1185 1185 1185 1302 100 100 107 107 107 107 107 107 107 107 107 107 109 136 136 136 136 136 139 139 139 137 137
33 30 30 32 32 32 36 28 28 27 27 27 43 43 43 43 200 200 200 201 201 201 201 201 56 56 54 54 54 55 55 63 63 63 63 70 70 74 74 1218 1218 1218 77 77 1146 1146 78 677 262 262 262 259 259 258 258 257 1185 1185 1185 100 100 100 107 107 107 107 107 107 107 107 107 107 108 109 134 136 136 136 136 137 137 137 137 1179
30 30 30 29 29 29 29 28 28 27 27 27 27 43 43 43 200 200 201 201 201 201 201 201 56 56 58 54 55 55 63 63 63 63 63 63 70 381 379 1217 1217 77 77 1146 1146 1146 677 260 262 262 262 262 259 259 258 257 257 1185 100 104 104 104 104 104 104 107 107 107 107 107 619 619 108 108 135 137 137 136 132 131 137 137 137 137
1 30 30 30 29 29 29 28 28 28 27 27 27 43 43 43 200 200 201 201 201 201 201 201 58 58 58 54 55 55 63 63 63 63 63 63 381 379 379 379 379 77 1146 1146 677 260 260 260 262 262 262 160 160 259 263 263 263 100 104 104 104 104 104 104 104 104 104 104 110 619 619 619 619 619 619 137 137 137 137 137 137 137 137 137
1 1 30 30 29 29 29 29 28 28 27 27 27 27 43 43 204 201 201 201 201 201 201 58 58 58 58 57 1223 55 63 63 63 63 63 381 381 379 379 379 379 379 381 677 260 260 260 260 262 264 264 264 264 263 263 263 263 101 104 104 104 104 104 104 104 104 104 110 110 110 110 110 124 124 124 124 137 137 137 137 137 137 137 137
2 1246 1246 30 30 29 29 29 29 28 28 27 27 27 43 43 204 204 201 201 201 201 201 58 58 58 58 1223 1224 1224 63 63 63 63 381 381 381 694 379 379 379 379 381 381 260 260 264 264 264 264 264 263 263 263 263 263 1207 1207 101 104 104 104 104 104 104 104 104 110 110 110 110 124 124 124 124 124 124 183 128 128 129 129 129 129
2 2 1251 1251 1246 29 29 29 29 28 28 682 27 27 43 684 204 204 202 202 201 201 58 58 58 58 970 1304 1304 1224 1224 63 63 63 381 381 381 381 381 381 381 381 381 381 382 264 264 264 264 264 263 263 263 263 263 267 267 1207 1203 104 104 104 104 104 104 104 110 110 110 110 110 124 124 124 124 124 125 125 128 128 128 129 129 129
2 2 5 1256 1268 1268 1246 1246 1268 26 26 26 967 27 27 684 204 202 202 202 204 204 1136 58 58 58 57 374 374 374 1304 1304 378 378 381 381 381 381 381 381 381 381 381 381 382 264 264 264 264 264 263 263 263 263 267 267 267 270 1207 101 104 104 104 104 104 110 110 110 110 110 110 124 124 124 124 125 125 125 128 128 128 129 129 129
5 5 5 1268 1268 1268 1268 1268 1268 23 23 23 23 208 208 684 684 204 204 204 204 204 204 204 58 58 376 374 374 374 375 378 378 378 377 377 1227 1227 1227 384 384 384 384 384 384 392 264 264 264 264 264 264 267 267 267 267 270 270 1207 1203 101 104 104 104 110 110 110 110 110 110 110 124 124 124 125 125 125 125 125 128 129 129 129 129
5 5 1257 1268 1268 1263 1263 22 22 23 23 23 23 208 208 210 211 211 687 204 204 204 204 204 204 376 374 374 374 374 375 378 378 378 377 1226 1235 1235 1233 384 384 384 384 384 384 392 385 264 264 264 264 267 267 267 267 270 270 270 1207 1207 994 101 104 110 110 110 110 110 110 110 124 124 124 125 125 125 125 125 125 127 127 127 129 129
5 4 1268 1268 22 22 22 22 22 22 22 22 208 208 208 210 211 211 214 214 215 204 204 204 204 376 374 374 374 375 375 378 378 377 1225 1235 1233 1233 387 384 384 384 384 384 392 392 392 392 264 264 267 267 267 267 270 270 270 270 271 1207 1206 271 110 110 110 110 110 110 110 110 110 110 125 125 125 125 125 125 125 127 127 127 127 127
4 4 4 1268 22 22 22 22 22 22 22 22 208 208 210 210 211 214 214 215 215 215 204 204 376 374 374 374 374 375 378 378 377 377 1235 1235 1233 387 387 387 387 387 387 387 392 392 408 408 408 406 267 267 270 270 270 270 270 270 271 271 271 271 110 110 110 110 110 110 110 110 110 125 125 125 125 125 125 125 125 127 127 127 127 127
6 6 4 9 9 9 22 22 22 22 22 22 208 208 210 211 211 214 214 215 215 215 215 215 376 376 374 374 375 375 375 378 377 1225 1235 1235 1229 387 387 387 387 387 387 387 408 408 408 408 408 408 408 270 270 270 270 270 270 271 271 271 271 268 268 110 110 110 110 110 110 110 125 125 125 125 125 125 125 125 125 122 120 120 119 127
6 6 9 9 9 9 22 22 22 22 22 21 208 208 210 211 211 214 214 215 215 215 215 215 215 376 376 374 375 375 378 377 1235 1235 1235 1235 1229 387 387 387 387 387 387 387 387 408 408 408 408 408 408 408 270 270 270 271 271 271 271 268 268 268 268 274 110 110 110 110 110 110 114 114 114 114 114 125 125 125 125 118 118 118 119 119
9 9 9 9 9 9 13 13 13 13 21 21 21 210 210 211 214 214 214 217 215 215 215 215 215 215 218 376 375 378 378 1235 1235 1235 1235 1235 1235 390 390 390 390 387 387 387 387 408 408 408 408 408 408 408 408 271 271 271 271 271 268 268 268 268 272 274 274 110 110 110 114 114 114 114 114 114 114 114 114 114 114 118 118 118 118 118
9 9 9 9 9 9 13 13 13 13 21 21 21 207 213 213 214 214 217 217 217 217 215 215 215 218 218 218 376 376 1234 1235 1235 1235 1235 1235 1235 1229 390 390 390 390 390 390 390 409 409 409 408 408 408 408 1135 1135 271 271 268 268 268 268 272 272 272 272 274 110 110 114 114 114 114 114 114 114 114 114 114 114 114 114 118 118 118 118
9 9 9 9 9 9 13 621 10 13 12 12 12 642 213 213 214 214 217 217 217 217 217 217 218 218 218 218 218 712 397 1234 1234 1234 1234 1234 1235 1229 390 390 390 390 390 390 390 390 409 409 408 408 414 414 414 1135 1135 268 268 268 268 268 272 275 272 274 274 274 114 114 114 114 114 114 114 114 114 114 114 114 114 114 117 117 118 118
9 9 9 9 9 9 483 483 477 477 477 477 642 642 620 214 214 214 217 217 217 217 217 218 218 218 218 218 218 218 219 397 397 398 398 398 398 398 388 388 388 388 393 393 393 393 409 409 409 414 414 414 414 414 415 415 268 268 279 275 275 275 275 274 281 281 114 114 114 114 114 114 114 114 114 114 114 114 114 114 117 117 117 117
643 9 9 9 9 478 478 483 483 483 477 477 477 477 477 214 214 217 217 217 217 217 218 218 218 218 218 218 219 219 219 712 397 398 398 398 398 1147 1147 1147 388 388 388 393 393 393 409 409 409 409 414 414 414 415 415 415 1132 279 279 723 275 275 275 281 281 281 281 114 114 114 114 114 114 114 114 114 114 114 114 114 117 117 117 117
643 469 628 473 471 478 478 478 478 483 483 483 477 477 477 484 484 484 217 217 217 220 218 218 218 218 219 219 219 219 219 219 397 397 398 398 398 398 1147 1147 1147 388 388 393 393 393 409 409 409 409 414 414 415 415 415 416 416 1132 277 277 275 275 275 281 281 281 281 281 114 114 114 114 114 114 114 114 114 114 114 114 114 233 233 233
468 628 628 470 471 481 481 478 478 478 478 483 483 483 484 484 484 484 484 484 223 220 218 218 218 219 219 219 219 219 1160 400 397 397 398 398 398 398 398 398 1147 1147 388 393 393 393 393 409 409 409 414 415 415 415 416 416 416 416 277 277 723 275 275 275 281 728 282 282 282 114 114 114 114 114 114 114 114 114 114 114 114 233 233 233
472 472 472 474 474 474 481 487 487 478 487 487 487 483 484 484 484 484 484 622 622 623 220 219 219 219 219 219 219 1161 1161 400 400 397 397 396 396 1241 1241 1241 1241 389 389 393 393 393 393 419 419 419 419 415 415 416 416 416 416 422 1132 277 277 275 275 282 282 282 282 282 282 111 111 111 111 115 115 115 115 114 114 114 114 233 233 233
472 472 474 474 474 539 733 487 487 487 487 487 487 487 738 488 486 486 486 486 486 223 742 219 219 219 219 219 1161 1161 1161 1160 400 397 397 396 396 395 395 1238 1238 389 389 389 393 393 391 391 419 419 419 948 416 416 416 416 422 422 422 277 277 283 282 282 282 282 282 282 282 111 111 111 111 111 115 115 115 115 115 115 114 233 233 233
472 472 474 474 474 539 539 539 487 487 487 487 487 487 488 488 488 486 492 492 492 492 492 219 219 219 219 1161 1161 1161 1161 1161 400 400 397 396 396 395 395 395 395 401 401 401 401 391 391 394 419 419 419 419 416 416 416 422 422 422 422 1132 283 283 283 282 282 282 282 282 286 111 111 111 111 111 111 115 115 115 115 115 115 233 233 233
475 475 474 474 539 539 539 539 539 489 487 487 487 487 487 488 488 488 492 492 492 492 492 492 219 219 1161 1161 1161 1161 1161 1161 1160 400 397 397 396 395 395 395 395 401 401 401 401 401 425 394 419 419 419 419 416 416 422 422 422 422 424 285 283 283 283 283 286 286 286 286 286 286 111 116 116 116 116 116 116 115 115 115 115 233 233 233
475 475 475 474 538 539 539 539 540 540 540 487 487 487 487 491 491 488 488 492 492 492 492 492 492 1160 1161 1161 1161 1161 1161 1161 1161 400 405 405 405 405 405 405 395 401 401 401 401 401 425 425 751 421 421 421 752 753 422 422 422 424 424 423 423 283 283 283 283 286 286 286 286 286 112 116 116 116 116 116 116 116 116 116 115 233 234 234
546 475 537 537 538 538 538 539 540 540 540 540 491 491 491 491 491 491 488 488 492 492 492 492 492 492 1161 1161 1161 1161 1161 1161 1161 1160 400 405 405 405 405 405 405 402 402 402 402 401 425 425 421 421 421 421 421 752 422 424 424 424 424 757 339 339 283 286 286 286 286 286 286 286 286 112 116 116 116 116 116 116 116 116 116 234 235 235
546 542 537 538 538 538 538 540 540 540 540 540 491 491 491 491 491 491 491 488 488 492 492 492 492 492 1159 1161 1161 1161 1161 1161 1161 1161 400 405 405 405 405 405 402 402 402 402 402 402 402 425 425 421 421 421 421 421 426 424 424 424 424 339 339 339 286 286 286 286 286 286 286 286 286 286 112 116 116 116 116 116 116 116 116 235 235 235
542 542 542 538 538 538 538 540 540 540 540 540 540 491 491 491 491 491 491 491 493 498 498 498 498 498 498 1161 1161 1161 1161 1161 1161 1161 399 399 405 405 405 405 404 404 404 402 402 402 402 425 425 426 426 426 426 426 426 426 424 424 339 339 339 337 337 286 286 286 286 286 286 286 287 287 287 116 116 116 116 116 116 116 116 116 235 235
542 542 542 542 542 538 540 540 540 540 540 540 540 1297 1297 1297 1297 1299 1297 1297 1297 498 498 498 498 498 498 1159 1161 1161 1161 1161 1161 1161 1160 399 767 405 405 405 404 404 404 404 404 404 404 425 425 426 426 1300 1300 426 426 426 773 339 339 337 337 337 337 286 286 286 286 286 287 287 287 287 287 112 116 116 116 116 116 116 116 116 235 235
542 542 542 542 544 544 544 544 540 540 540 540 1297 1299 1299 1299 1299 1299 1299 1299 1297 493 498 498 498 498 498 498 1159 1161 1161 1161 1161 1161 1160 1160 1022 405 405 405 404 404 404 404 404 404 404 404 403 425 1300 1202 1202 1300 426 426 341 338 337 337 337 337 337 337 286 286 287 287 287 287 287 287 287 112 116 116 116 116 116 116 640 148 148 -9999
542 542 542 544 544 544 544 544 541 541 541 1297 1285 505 1299 1299 1299 1299 1299 1299 1299 1297 498 498 498 498 498 498 1159 1161 1161 1161 1161 1161 1161 1161 1160 405 405 405 404 404 404 404 404 404 404 404 404 626 1201 1202 1202 1202 1300 1202 1300 341 337 337 337 337 337 337 287 287 287 287 287 287 287 287 288 112 116 116 116 116 151 151 151 148 148 -9999
545 542 544 544 544 544 544 541 541 541 541 1299 1293 505 505 1299 1299 1299 1299 1299 1299 1299 1297 498 498 498 498 498 498 1159 1161 1161 1161 1161 1161 1161 1160 429 429 429 626 626 404 404 404 404 404 404 404 626 1201 1202 1202 1202 1202 1202 341 341 338 337 337 337 337 337 337 287 287 287 287 287 288 288 288 779 116 116 151 151 151 151 151 640 640 149
545 544 544 544 544 544 544 541 541 541 1297 1299 505 505 505 1285 1299 1299 1299 1299 1299 1299 1296 499 498 498 500 500 500 1159 1161 1161 1161 1161 1161 1161 1161 1022 429 429 429 429 429 429 626 626 626 404 404 626 626 1201 1201 1201 341 341 341 341 341 338 337 337 337 337 337 333 287 287 288 288 288 288 288 291 152 151 151 151 151 151 151 151 640 150
552 552 544 544 544 544 541 541 541 766 551 1283 1299 505 505 1286 1299 504 1287 1299 1299 1299 1296 499 499 500 500 500 500 500 1159 1161 1161 1161 1161 1161 1159 1022 429 429 429 429 429 429 429 428 428 428 428 428 428 428 341 341 341 341 341 341 341 1025 335 337 337 334 334 334 288 288 288 288 288 291 291 291 152 151 151 151 151 151 151 151 153 153
553 552 552 544 544 541 541 541 551 551 551 1299 1299 505 927 505 1286 504 504 1287 1287 1299 1299 1296 1134 1296 500 500 500 500 1159 1161 1161 1161 1161 1161 1159 768 429 429 429 429 429 429 429 428 428 428 428 428 428 428 341 341 341 341 341 341 341 1174 335 334 334 334 334 334 334 288 288 291 291 291 291 291 291 152 151 151 151 151 153 153 153 153
553 787 566 544 541 541 541 541 792 792 511 511 514 1200 927 641 641 504 630 509 509 1287 1299 1296 1296 1299 500 500 500 500 500 1159 1161 1159 1159 431 431 431 429 429 429 429 429 429 429 428 428 428 428 428 343 343 343 341 341 341 341 340 340 340 340 335 334 334 334 334 334 333 290 290 291 291 291 291 291 152 151 151 151 153 153 153 153 153
